80
59602
80
80
59602
59602
80
59602
47842
443
47842
443
443
41040
443
443
41040
41032
443
443
41032
41040
443
443
41040
443
41040
41040
443
41040
41040
443
41032
443
443
41032
443
41032
41032
443
443
41032
41032
41032
443
443
41040
41040
443
443
41040
41040
443
443
443
443
41040
41040
41040
41040
443
443
33204
443
443
33204
443
443
43206
443
443
43206
50824
443
443
50824
33204
443
443
33204
443
33204
33204
443
33204
33204
443
50824
443
443
50824
443
443
50824
443
50824
50824
443
50824
50824
443
50824
50824
443
50824
443
443
50824
443
50824
50824
443
443
50824
50824
50824
443
443
50824
50824
443
50824
443
443
50824
443
50824
443
50824
443
50824
50824
443
443
50824
50824
50824
443
50824
443
50824
443
50824
43206
443
443
43206
443
443
443
43206
43206
43206
443
43206
443
43206
43206
443
43206
443
443
43206
80
38470
80
80
38470
47992
60439
38470
80
38470
443
443
443
36328
443
443
36328
36328
443
36326
443
443
36326
80
53798
80
80
53798
36326
443
80
53810
80
80
53810
53798
80
443
36328
443
443
36328
36328
36328
443
443
36328
36328
53810
80
36342
443
443
443
36326
36326
443
36326
443
443
36326
443
36326
36326
443
36328
443
443
443
43206
443
43206
43206
36328
443
36328
443
36328
443
36328
443
36328
443
36328
443
36328
443
36328
443
443
36328
443
36328
443
443
36328
443
36328
443
36328
443
36328
443
36328
443
36328
443
36328
443
36328
443
36328
443
36328
443
36328
443
36328
443
36328
443
36328
443
36328
443
36328
443
36328
443
52368
443
443
52368
36328
443
36328
443
36328
36328
443
443
36328
443
36328
443
36328
443
36328
443
36328
443
36328
443
36328
443
36328
443
36328
443
36328
443
36328
443
36328
443
36328
443
36328
443
36328
443
36328
443
36328
443
36328
443
36328
443
36328
443
36328
443
36328
443
36328
443
36328
443
36328
443
36328
443
36328
36328
443
36328
443
36328
443
36328
443
36328
443
36328
443
36328
443
36328
443
36328
443
36328
443
36328
443
36328
443
36328
443
36328
443
36328
443
36328
443
36328
443
36328
443
36328
443
36328
443
36328
443
36328
443
443
36328
36328
443
36328
443
36328
443
36328
443
36328
443
36328
443
36328
443
36328
443
36328
443
36328
443
36328
443
36328
443
52368
443
36328
443
36328
443
36328
443
36328
443
80
53798
36328
443
36328
443
36328
443
36328
443
36328
443
36328
443
36328
443
36328
443
36328
443
36328
36328
443
36328
36328
36328
443
36328
443
36328
443
36328
443
36328
443
36328
443
36328
443
36328
36328
443
36328
443
36328
443
443
36328
443
36328
443
36328
36328
443
53798
80
443
52368
443
443
52368
52368
52368
443
443
52368
443
52368
44334
443
443
44334
443
44320
443
443
52368
44334
443
443
44320
52368
443
443
52368
443
50824
52368
443
52368
443
52368
443
52368
443
52368
443
80
443
53798
52368
50824
443
443
50824
53798
80
443
44334
443
443
44334
44334
44334
443
443
44334
44334
443
44334
80
53798
43206
443
43206
53798
80
80
53810
443
52368
443
52368
443
52368
52368
443
443
443
52612
443
443
52612
53810
80
443
44334
443
443
44334
44334
44334
443
44320
443
54180
443
443
443
54180
443
44320
44320
52612
44320
443
443
443
44320
44320
80
53798
44320
443
54180
443
80
53810
53798
80
443
52612
443
443
52612
52612
52612
443
443
52612
52612
52612
443
52612
443
52612
443
52612
443
52612
53810
80
443
54180
443
443
54180
54180
54180
443
443
54180
54180
54180
443
443
54180
443
443
443
50824
50824
50824
443
50824
443
50824
443
443
43206
43206
443
54180
50824
443
50824
50824
443
54180
54180
443
54180
443
54180
443
54180
443
443
54180
54180
54180
443
43206
443
443
49200
443
443
49200
49200
443
443
50824
443
50824
443
50824
50824
443
443
50824
50824
49200
443
80
53798
443
43206
443
443
43206
53798
80
443
49200
443
443
49200
49200
49200
443
443
49200
49200
443
49200
443
443
49200
443
443
49200
443
49200
49200
443
57218
443
443
57218
443
443
57218
57218
49200
443
57218
443
443
57218
443
57218
443
35140
443
443
35140
35140
443
80
53798
53798
80
443
35140
443
35140
443
35140
35140
443
443
35140
35140
443
35140
443
35140
443
443
35140
80
53798
53798
80
443
35140
443
35140
443
35140
35140
443
443
57218
57218
57218
443
57218
443
57218
443
57218
443
57218
443
443
443
43206
43206
443
43206
57218
443
57218
443
57218
443
443
443
57218
443
58172
443
443
58172
57218
57218
57218
443
57218
443
57218
443
58186
443
443
58186
58172
57218
443
443
57218
443
57218
443
57218
443
57218
443
57218
443
57218
443
57218
80
53798
57218
443
443
443
57218
443
57218
57218
443
443
57218
443
36214
443
443
36214
43206
443
43206
36222
443
443
36222
53798
80
443
443
58172
58172
443
58172
443
58172
58186
443
58172
443
443
58172
58172
443
58172
443
58172
443
58186
443
443
58172
36214
58172
443
443
58186
443
58172
443
443
58172
443
58186
58172
443
443
36214
443
443
36214
36214
36214
443
36214
36222
443
36214
443
36214
443
36214
443
36214
443
58186
36214
443
443
443
58186
58186
36214
443
443
36214
443
36214
443
443
36214
36214
36222
443
443
443
36222
36222
36222
443
443
36222
36222
58186
36222
443
443
36214
443
443
50824
50824
443
443
50824
