74
60
54
141
60
239
54
60
78
82
60
74
74
60
54
1306
60
60
54
1306
60
3136
54
118
60
224
60
640
85
60
85
54
266
54
118
60
241
60
672
78
54
60
60
85
54
93
60
93
54
93
60
93
54
93
78
54
60
60
60
60
54
74
60
54
1308
60
74
74
60
54
1292
60
60
54
1307
60
3174
54
118
60
224
60
672
85
60
85
54
3141
54
118
60
224
472
60
259
60
60
258
60
640
85
60
8336
54
4992
54
93
60
259
60
8804
54
259
60
456
7218
54
93
60
7964
54
2473
54
258
60
258
60
258
60
259
60
10024
54
93
60
7965
5054
54
7554
54
5054
54
1117
266
54
118
60
224
473
1115
60
60
60
54
640
85
60
1014
54
93
54
93
60
74
60
54
141
60
278
290
239
54
60
74
74
74
60
54
717
60
6889
54
60
54
717
60
74
60
54
495
60
6890
54
74
60
54
495
60
755
54
118
60
224
396
60
60
668
54
85
60
85
755
54
60
54
118
241
60
60
54
668
54
78
60
54
60
85
54
4675
54
202
1497
60
175
60
60
5054
54
4184
54
2554
54
5054
54
5054
54
5054
54
2554
54
994
54
302
60
213
60
74
206
60
191
60
203
60
182
60
199
60
188
60
173
60
179
60
211
60
172
60
238
60
74
12920
54
7554
54
12554
54
2554
54
2554
54
7554
54
60
54
722
60
7554
54
7554
54
5054
2554
54
54
5054
54
2554
54
2554
54
5054
54
2554
54
15054
54
5054
54
7554
54
2554
54
10054
54
3804
54
12554
54
5054
54
11304
54
27554
54
11304
54
8804
54
7554
54
12554
54
17554
54
12554
54
13804
54
8804
54
22554
54
13804
54
3804
54
1304
13804
54
11304
54
6304
54
2554
54
8804
54
12554
54
12554
54
27554
54
12554
54
15054
54
13804
54
13804
54
43804
54
13804
54
22554
54
18804
54
18804
54
20054
54
26304
54
48804
54
21304
54
45054
54
93
60
40054
54
24293
54
40054
54
17065
54
40054
54
24293
54
14654
54
37465
54
64293
54
64293
54
1576
54
37554
54
4736
54
38804
54
25543
54
4565
54
23804
54
496
60
64293
54
22065
54
64293
54
23315
54
40054
54
24293
54
22065
54
40054
54
17574
54
1514
5313
54
20815
40054
3532
54
46576
54
64293
54
25815
54
40054
54
24293
54
25815
54
40054
24293
54
25815
54
10930
54
93
60
78
60
54
60
60
54
756
54
118
60
224
398
60
60
668
54
85
60
74
85
60
54
713
60
54
60
54
713
5440
4803
54
54
60
289
54
293
1304
54
60
3804
54
2554
54
158
54
2556
54
93
54
495
93
60
60
139
54
93
60
755
54
118
60
224
311
60
60
668
54
85
60
219
93
60
496
60
453
93
60
756
54
495
60
93
60
78
60
54
60
60
54
74
74
60
54
719
60
755
54
93
60
78
54
60
60
60
54
4803
54
60
54
721
118
60
241
60
60
4373
668
54
78
54
60
60
495
60
85
54
4374
54
495
60
755
54
118
60
224
408
60
60
668
54
85
60
85
8100
54
2554
54
5054
54
1132
93
60
755
54
118
60
224
556
60
60
668
54
85
60
85
1527
54
93
60
293
292
292
60
60
60
292
60
294
60
204
1104
60
60
384
60
139
93
60
260
54
916
790
54
93
93
60
93
60
78
54
60
60
60
54
401
74
54
60
54
716
60
1304
54
293
60
292
60
292
60
140
54
93
60
169
3092
54
496
60
54
367
54
93
60
756
54
118
60
224
377
60
60
699
54
85
60
500
54
3369
54
93
60
93
78
60
54
60
60
74
60
54
1286
60
60
224
60
60
60
54
915
54
138
60
85
60
74
60
54
729
60
4591
54
496
60
756
54
118
60
224
60
343
60
668
54
85
60
85
54
564
54
124
54
93
60
496
60
756
54
93
60
78
60
54
60
60
54
426
60
1070
3626
54
5054
54
3804
54
3804
54
5008
54
203
1497
60
60
206
60
3917
54
4540
54
7572
54
74
74
2506
54
60
54
719
60
1256
7653
2554
54
2240
54
6263
54
60
54
719
60
4374
7554
54
54
5054
54
8219
54
2554
54
7554
54
10505
54
2554
54
1249
495
60
334
54
93
78
60
54
60
60
74
74
60
54
60
54
717
60
587
93
60
60
54
717
60
755
54
118
224
60
60
424
60
171
60
3804
54
668
54
85
60
8109
54
10054
54
6304
54
623
54
89
60
4372
10054
54
118
60
54
10054
54
93
60
241
60
6659
54
118
60
224
396
60
60
668
85
60
3804
54
5658
54
5054
54
2554
54
2554
54
699
16304
54
78
54
60
60
40762
54
93
60
93
60
78
54
60
60
622
54
118
241
60
60
668
78
54
60
60
60
85
54
54
60
54
260
60
139
54
93
60
