59602
80
59602
59602
80
80
59602
80
443
47842
443
41032
41040
443
41040
41040
443
443
41032
41032
443
443
41040
41040
443
41040
443
443
41040
443
443
41040
443
41032
41032
443
41032
443
443
41032
41032
443
443
443
41032
41040
443
443
41040
41040
443
443
41040
41040
41040
41040
443
443
443
443
41040
33204
443
33204
33204
443
43206
50824
443
43206
43206
443
443
50824
50824
443
443
33204
33204
443
33204
443
443
33204
443
443
33204
443
50824
50824
443
50824
50824
443
50824
443
443
50824
443
443
50824
443
443
50824
443
50824
50824
443
50824
443
443
50824
50824
443
443
443
50824
50824
443
443
50824
443
50824
50824
443
50824
443
50824
443
50824
443
443
50824
50824
443
443
443
50824
443
50824
443
50824
443
443
43206
43206
443
43206
43206
43206
443
443
443
50824
443
43206
443
443
43206
443
43206
43206
443
38470
80
38470
38470
80
53
53
80
38470
80
36326
36328
36342
443
36328
36328
443
443
36328
443
36326
36326
443
53798
80
53798
53798
80
443
36326
53810
80
53810
53810
80
80
53798
36328
443
36328
36328
443
443
443
36328
36328
443
443
80
53810
443
36342
36326
36326
443
443
36328
443
36326
36326
443
36326
443
443
36326
443
36328
43206
43206
443
43206
443
443
443
36328
443
36328
443
36328
443
36328
443
36328
443
36328
443
36328
443
36328
36328
443
36328
443
44320
36328
443
36328
443
36328
443
36328
443
36328
443
36328
443
36328
443
36328
443
36328
443
36328
443
36328
443
52368
443
36328
443
36328
443
36328
443
36328
443
36328
443
36328
443
52368
52368
443
443
36328
443
36328
443
443
36328
36328
443
36328
443
36328
443
36328
443
36328
443
36328
443
36328
443
36328
443
36328
443
36328
443
36328
443
36328
443
36328
443
36328
443
36328
443
36328
443
36328
443
36328
443
36328
443
36328
443
36328
443
36328
443
36328
443
36328
443
36328
443
36328
443
36328
443
443
36328
443
36328
443
36328
443
36328
443
36328
443
36328
443
36328
443
36328
443
36328
443
36328
443
36328
443
36328
443
36328
443
36328
443
36328
443
36328
443
36328
443
36328
443
36328
443
36328
443
36328
443
36328
36328
443
443
36328
443
36328
443
36328
443
36328
443
36328
443
36328
443
36328
443
36328
443
36328
443
36328
443
36328
443
36328
443
52368
443
36328
443
36328
443
36328
443
36328
53798
80
443
36328
443
36328
443
36328
443
36328
443
36328
443
36328
443
36328
443
36328
443
36328
443
443
36328
443
443
443
36328
443
36328
443
36328
443
36328
443
36328
443
36328
443
36328
443
443
36328
443
36328
443
36328
36328
443
36328
443
36328
443
443
36328
80
53798
52368
443
52368
52368
443
443
443
52368
52368
443
44334
443
443
44334
44334
443
52368
443
44320
44320
443
443
52368
44334
443
443
52368
50824
443
52368
443
443
52368
443
52368
443
52368
443
52368
443
52368
53798
52368
80
443
443
50824
50824
443
80
53798
44334
443
44334
44334
443
443
443
44334
44334
443
443
44334
443
53798
80
443
43206
443
80
53798
53810
80
52368
443
52368
443
52368
443
443
52368
52612
54180
443
52612
52612
443
80
53810
44334
443
44334
44334
443
443
443
44334
443
44320
443
54180
54180
44320
443
44320
443
443
443
443
52612
44320
44320
443
443
53798
80
443
44320
443
54180
53810
80
80
53798
52612
443
52612
52612
443
443
443
52612
52612
443
443
443
52612
443
52612
443
52612
443
52612
443
80
53810
54180
443
54180
54180
443
443
443
54180
54180
443
443
443
54180
54180
443
50824
50824
50824
443
443
443
50824
443
50824
443
43206
43206
443
443
54180
443
443
50824
443
443
50824
443
443
54180
443
54180
443
54180
443
54180
54180
443
443
443
54180
443
49200
43206
443
49200
49200
443
443
49200
50824
443
50824
443
50824
443
443
50824
50824
443
443
443
49200
53798
80
50824
443
43206
43206
443
80
53798
49200
443
49200
49200
443
443
443
49200
49200
443
443
49200
443
49200
49200
443
49200
49200
443
49200
443
443
57218
443
57218
57218
443
57218
57218
443
443
443
49200
443
57218
57218
443
57218
443
35140
443
35140
35140
443
443
35140
53798
80
80
53798
35140
443
35140
443
35140
443
443
35140
35140
443
443
35140
443
35140
443
35140
35140
443
53798
80
80
53798
35140
443
35140
443
35140
443
443
35140
57218
443
443
443
57218
443
57218
443
57218
443
57218
443
57218
43206
43206
443
443
43206
443
443
57218
443
57218
443
57218
58172
58186
443
57218
443
58172
58172
443
443
443
443
57218
443
57218
443
57218
443
58186
58186
443
443
443
58172
57218
443
57218
443
57218
443
57218
443
57218
443
57218
443
57218
443
53798
80
443
57218
57218
57218
443
57218
443
443
36214
36222
443
57218
443
36214
36214
443
443
43206
443
443
36222
36222
443
80
53798
58172
58172
443
443
58172
443
58172
443
443
58186
443
58172
58172
443
443
58172
443
58172
443
58172
443
58186
58172
443
443
443
36214
58186
443
58172
443
58172
58172
443
58186
443
443
58172
36214
443
36214
36214
443
443
443
36214
443
443
36222
443
36214
443
36214
443
36214
443
36214
443
443
36214
58186
58186
443
443
443
36214
36214
443
36214
443
36214
36214
443
443
443
36222
36222
36222
443
443
443
36222
36222
443
443
443
443
58186
36222
443
36214
50824
443
443
50824
50824
443
