217
217
217
217
1399
1399
1399
1399
718
85
173
114
224
614
165
68
73
73
74
1395
162
78
69
217
217
217
217
217
217
217
217
1399
1399
82
82
82
1399
1399
1399
85
84
1399
88
1353
87
1354
86
499
85
173
113
657
166
68
73
456
1395
690
79
69
1399
1399
82
1399
1399
1399
85
84
1399
893
1399
85
82
82
82
1399
1399
1399
85
84
84
952
85
173
108
82
82
84
657
166
68
73
173
110
657
166
68
73
1399
1399
82
1399
1399
1399
85
85
82
531
532
86
175
112
657
166
68
73
1399
1399
1399
1399
84
1399
1399
1399
412
85
173
109
692
657
166
68
74
364
358
73
73
73
1395
1399
275
447
80
74
1395
742
79
182
78
69
69
1399
1399
82
85
1399
1399
1399
84
1399
1399
405
85
173
111
657
166
68
73
1399
238
1399
1399
1399
657
69
1399
156
304
69
170
75
161
77
72
722
78
229
1399
1399
82
69
77
1399
1399
1399
85
84
743
230
85
82
82
84
69
68
77
173
111
408
657
166
68
409
73
746
73
73
387
70
88
82
77
340
74
73
73
73
1395
1399
1399
1399
1399
658
67
79
69
600
69
228
79
1395
1399
1399
1399
1319
67
79
1395
1399
1399
1399
957
67
79
69
1395
75
68
1395
1399
1399
1399
1399
94
67
78
69
1399
1399
1399
657
69
155
165
74
581
489
73
73
1395
1399
1399
291
67
78
69
790
791
67
78
1395
216
78
68
684
1399
1399
1268
73
74
1399
72
1395
1399
1399
1399
1399
1399
1399
1399
1399
1399
78
1399
1399
1399
1399
1399
1399
1399
1399
73
1399
1399
1399
1399
73
1399
1399
1399
1399
73
1399
1399
1399
1399
73
1399
1399
1399
1399
1399
1399
1399
1399
73
1399
1399
1399
1399
1399
1399
79
1399
1399
1399
1399
1399
1399
75
1399
1399
1399
1399
1399
1399
75
1399
657
69
1399
1399
1399
1399
1399
1399
1399
1399
155
1399
1399
1399
1399
1399
1399
1399
1399
80
1399
1399
1399
1399
1399
1399
1399
1399
1399
1399
1399
75
1399
1399
1399
1399
1399
1399
1399
1399
1399
1399
75
1399
1399
1399
1399
1399
1399
75
1399
1399
1399
1399
75
1399
1399
1399
1399
1399
1399
1399
1399
1399
1399
1399
1399
75
165
1399
1399
1399
1399
1399
1399
1399
1399
1399
75
1399
1399
1399
1399
1399
1399
1399
1399
1399
1399
1399
1399
75
75
1399
1399
1399
1399
75
1399
1399
1399
1399
1399
1399
1399
1399
74
1399
1399
1399
1399
1399
1399
1399
1399
1399
1399
1399
1399
1399
1399
1399
1399
1399
1399
1399
1399
75
75
1399
1399
1399
1399
1399
1399
1399
1399
1399
1399
1399
1399
1399
1399
1399
1399
1399
1399
1399
1399
1399
1399
1399
1399
1399
1399
1399
1399
1399
1399
871
1392
1399
1399
1399
1399
1399
1399
1399
1399
1399
1399
1399
1399
1399
1399
1399
1399
1399
1399
1399
1399
1399
1399
1399
1399
1399
75
1399
1399
1399
1399
1399
1399
1399
1399
1399
1399
1399
1399
1399
1399
1399
1399
1399
1399
1399
1399
1399
1399
1399
1399
75
82
1399
1399
1399
1399
1399
1399
1399
1399
1399
1399
75
1399
1399
1399
1399
1399
1399
1399
1399
1399
1399
1399
1399
1337
75
1399
1399
84
522
86
1399
89
173
107
657
76
528
1395
78
1142
464
118
74
170
206
1395
305
80
74
70
541
782
898
74
75
1399
1399
536
720
74
517
353
288
69
74
275
264
1395
1399
1399
1399
1399
1399
1399
1399
1399
1399
1399
1399
1399
1399
1399
1399
1399
1399
1399
1399
1399
1399
1399
1399
1012
1392
1399
1399
80
285
1399
710
1399
1399
1399
1399
1399
1399
1399
1399
1399
1399
1399
1399
1399
1399
1399
1399
1399
1399
1399
1399
75
1399
1399
