175
175
175
175
1357
1357
1357
1357
676
43
131
72
182
572
123
26
31
31
32
1353
120
36
27
175
175
175
175
175
175
175
175
1357
1357
40
40
40
1357
1357
1357
43
42
1357
46
1311
45
1312
44
457
43
131
71
615
124
26
31
414
1353
648
37
27
1357
1357
40
1357
1357
1357
43
42
1357
851
1357
43
40
40
40
1357
1357
1357
43
42
42
910
43
131
66
40
40
42
615
124
26
31
131
68
615
124
26
31
1357
1357
40
1357
1357
1357
43
43
40
489
490
44
133
70
615
124
26
31
1357
1357
1357
1357
42
1357
1357
1357
370
43
131
67
650
615
124
26
32
322
316
31
31
31
1353
1357
233
405
38
32
1353
700
37
140
36
27
27
1357
1357
40
43
1357
1357
1357
42
1357
1357
363
43
131
69
615
124
26
31
1357
196
1357
1357
1357
615
27
1357
114
262
27
128
33
119
35
30
680
36
187
1357
1357
40
27
35
1357
1357
1357
43
42
701
188
43
40
40
42
27
26
35
131
69
366
615
124
26
367
31
704
31
31
345
28
46
40
35
298
32
31
31
31
1353
1357
1357
1357
1357
616
25
37
27
558
27
186
37
1353
1357
1357
1357
1277
25
37
1353
1357
1357
1357
915
25
37
27
1353
33
26
1353
1357
1357
1357
1357
52
25
36
27
1357
1357
1357
615
27
113
123
32
539
447
31
31
1353
1357
1357
249
25
36
27
748
749
25
36
1353
174
36
26
642
1357
1357
1226
31
32
1357
30
1353
1357
1357
1357
1357
1357
1357
1357
1357
1357
36
1357
1357
1357
1357
1357
1357
1357
1357
31
1357
1357
1357
1357
31
1357
1357
1357
1357
31
1357
1357
1357
1357
31
1357
1357
1357
1357
1357
1357
1357
1357
31
1357
1357
1357
1357
1357
1357
37
1357
1357
1357
1357
1357
1357
33
1357
1357
1357
1357
1357
1357
33
1357
615
27
1357
1357
1357
1357
1357
1357
1357
1357
113
1357
1357
1357
1357
1357
1357
1357
1357
38
1357
1357
1357
1357
1357
1357
1357
1357
1357
1357
1357
33
1357
1357
1357
1357
1357
1357
1357
1357
1357
1357
33
1357
1357
1357
1357
1357
1357
33
1357
1357
1357
1357
33
1357
1357
1357
1357
1357
1357
1357
1357
1357
1357
1357
1357
33
123
1357
1357
1357
1357
1357
1357
1357
1357
1357
33
1357
1357
1357
1357
1357
1357
1357
1357
1357
1357
1357
1357
33
33
1357
1357
1357
1357
33
1357
1357
1357
1357
1357
1357
1357
1357
32
1357
1357
1357
1357
1357
1357
1357
1357
1357
1357
1357
1357
1357
1357
1357
1357
1357
1357
1357
1357
33
33
1357
1357
1357
1357
1357
1357
1357
1357
1357
1357
1357
1357
1357
1357
1357
1357
1357
1357
1357
1357
1357
1357
1357
1357
1357
1357
1357
1357
1357
1357
829
1350
1357
1357
1357
1357
1357
1357
1357
1357
1357
1357
1357
1357
1357
1357
1357
1357
1357
1357
1357
1357
1357
1357
1357
1357
1357
33
1357
1357
1357
1357
1357
1357
1357
1357
1357
1357
1357
1357
1357
1357
1357
1357
1357
1357
1357
1357
1357
1357
1357
1357
33
40
1357
1357
1357
1357
1357
1357
1357
1357
1357
1357
33
1357
1357
1357
1357
1357
1357
1357
1357
1357
1357
1357
1357
1295
33
1357
1357
42
480
44
1357
47
131
65
615
34
486
1353
36
1100
422
76
32
128
164
1353
263
38
32
28
499
740
856
32
33
1357
1357
494
678
32
475
311
246
27
32
233
222
1353
1357
1357
1357
1357
1357
1357
1357
1357
1357
1357
1357
1357
1357
1357
1357
1357
1357
1357
1357
1357
1357
1357
1357
970
1350
1357
1357
38
243
1357
668
1357
1357
1357
1357
1357
1357
1357
1357
1357
1357
1357
1357
1357
1357
1357
1357
1357
1357
1357
1357
33
1357
1357
