64697
64697
64697
64697
34334
443
443
443
443
34334
34334
34334
34334
443
443
443
34334
443
34334
443
443
34334
443
56133
56133
56133
56133
60220
60220
60220
60220
55279
443
55279
55279
55279
443
443
443
443
55279
443
443
443
443
443
443
443
55279
55279
55279
443
443
443
55279
55279
443
443
55279
443
36557
443
36557
443
443
443
443
36557
57286
443
443
36557
57286
36557
36557
443
443
443
443
57286
443
443
57286
36557
36557
57286
57286
443
443
443
443
36557
57286
57286
443
443
443
57286
52841
443
52841
443
443
443
443
52841
52841
443
443
52841
52841
52841
443
443
443
52841
36887
443
443
443
36887
443
443
443
443
36887
36887
36887
36887
443
443
443
36887
55279
55279
443
443
55279
443
443
443
443
55279
36887
443
443
443
443
36887
443
443
55540
443
55540
443
443
443
443
55540
443
443
443
55540
55540
55540
443
443
443
55540
49266
49266
49266
443
443
443
443
443
49266
49266
443
443
49266
443
49266
49266
443
49266
49266
58929
443
58929
443
49266
443
443
443
443
58929
443
49266
58929
58929
58929
443
443
443
49266
58929
58929
55279
443
443
443
55279
58929
55279
443
55279
443
443
443
49266
49266
58929
443
55279
443
58929
443
443
443
443
443
443
443
55279
443
443
443
443
58929
443
443
443
443
443
443
55279
443
443
443
443
443
443
55279
443
443
55279
443
443
443
443
443
443
443
443
55279
443
38001
443
443
443
443
38001
443
38001
38001
38001
443
38001
443
443
443
443
443
38001
443
38001
443
443
38001
443
443
38001
443
38001
53760
38001
38001
443
38001
443
443
443
443
443
443
443
443
443
443
443
443
38001
443
443
443
443
443
443
443
443
38001
443
443
443
443
38001
443
443
443
443
38001
443
443
443
443
38001
443
443
443
443
443
443
443
443
38001
443
443
443
443
443
443
38001
443
443
443
443
443
443
38001
443
443
443
443
443
443
38001
443
443
443
443
443
443
443
443
443
443
443
53760
443
443
443
443
443
443
443
443
38001
443
443
443
443
443
443
443
443
443
443
60398
38001
443
443
443
443
443
443
443
443
443
443
38001
443
443
443
443
443
443
38001
443
443
443
443
38001
443
443
443
443
443
443
443
443
443
443
443
443
38001
443
443
443
443
443
443
443
443
443
443
38001
443
443
443
443
443
443
443
443
443
443
443
443
38001
38001
443
443
443
443
38001
443
443
443
443
443
443
443
443
53760
443
443
443
443
443
443
443
443
443
443
443
443
443
443
443
443
443
443
443
443
38001
38001
443
443
443
443
443
443
443
443
443
443
443
443
443
443
443
443
443
443
443
443
443
443
443
443
443
443
443
443
443
443
443
443
443
443
443
443
443
443
443
443
443
443
443
443
443
443
443
443
443
443
443
443
443
443
443
443
443
38001
443
443
443
443
443
443
443
443
443
443
443
443
443
443
443
443
443
443
443
443
443
443
443
443
38001
60398
443
443
443
443
443
443
443
443
443
443
38001
443
443
443
443
443
443
443
443
443
443
443
443
443
38001
443
443
60398
443
60398
443
60398
60398
60398
443
60398
60398
443
60398
443
38001
60398
60398
443
443
443
443
38001
60398
443
38001
38001
38001
443
38001
38001
38001
38001
38001
443
38001
53760
60398
443
443
60398
60398
443
443
443
443
443
443
443
443
443
443
443
443
443
443
443
443
443
443
443
443
443
443
443
443
443
443
443
443
38001
60398
38001
38001
443
443
443
443
443
443
443
443
443
443
443
443
443
443
443
443
443
443
443
443
38001
443
443
